Data_Preparation:
  test_size: 0.25
  random_state: 42

Train:
  XGBoost:
    n_estimators: 856
    learning_rate: 0.011804738897525
    max_depth: 12
    min_child_weight: 6
    gamma: 0.6035875191188472
    subsample: 0.9028989534142778
    colsample_bytree: 0.9791480707107688
    reg_alpha: 0.00020972186331087944
    reg_lambda: 0.0033654731421510226
  
  LightGBM:
    n_estimators: 609
    learning_rate: 0.011840062109564906
    max_depth: 15
    num_leaves: 107
    subsample: 0.8342949072227168
    colsample_bytree: 0.9339475480969448
    min_child_weight: 5.802155537397966
    reg_alpha: 0.000172409806797029
    reg_lambda: 0.2470475418456122

  ElasticNet:
    alpha: 0.01747401579628145
    l1_ratio: 0.5351148384675742
    random_state: 42
    max_iter: 5000
